# Created by Octave 3.6.1, Mon Nov 17 19:42:17 2014 Œrodkowoeuropejski czas stand. <unknown@Pucek-Komputer>
# name: Theta2
# type: matrix
# rows: 10
# columns: 26
 -0.3669258558224679 -0.6998821744512008 -1.361670994498955 1.639109377778554 -1.029993408651946 -1.690287888074731 0.4386896271213653 1.63945951376112 -0.05402343651704898 -0.123822467700597 1.50689150078815 1.230330175659128 0.5822582878008363 -1.446078705486675 -1.702770337604231 -0.7487847898765762 -2.233209087798233 -0.7371562881874927 0.8729554796761342 0.5202447453653973 -1.12573415465118 0.646374442996705 -0.7832773307545847 -2.084286947216267 1.096001025333978 -1.729804893950547
 -0.8315638992611184 -0.3164626489878978 0.7121617891981595 1.810257376854891 0.6329964359352532 0.7947456050837637 -2.344916826310812 -1.608908406913505 -1.811166609047778 -1.198553190815911 -0.4768668411063195 -1.822927574326753 -3.24909059742651 -0.07783767305851746 1.294411485667705 1.439891366201741 0.09589845777190446 -1.87395968568489 -1.419098052470919 0.4527609274274145 0.4711254511279062 -0.7951295848486323 0.7972002864545167 1.332595599795325 0.4866735764881278 0.8840582902335581
 -1.015827929433745 2.099770381632542 -0.7716484131730851 2.077950329694412 -0.5318730477872101 0.4881055993645398 0.671218082357826 -0.8328935661056817 0.5048520476059002 1.393095751255264 -1.802302176234709 -2.786652485659562 0.1527054995802332 -0.9991035871891942 -1.707306085644323 -1.863215215127435 0.3626102412396308 -0.1299348968947454 -1.056688752847522 0.4315644884796863 1.187941882951729 -2.219634219055144 1.534361193775396 0.302487939242832 -1.048741303672888 -2.801006407666243
 -1.269885603584837 1.151311691683249 0.3743578402866843 -3.705323674555423 0.9440967043005036 -1.926449730962134 1.647274536173646 -2.094194832172775 0.05180111756437095 -1.153848351889715 -0.7546950570513451 -0.2700274474093737 -2.803699027823582 -1.156665307207225 -0.09368888005331144 -1.449626319128325 -0.3567191288754257 0.09021246499441113 1.553536278135001 0.4620481340677471 0.322787248217011 -1.028400510218197 1.287226428463768 -1.337688743934708 0.6378818249863775 1.06045671174371
 -0.5602175805754049 -1.14451812619562 -1.852652574312069 -0.162308473569575 2.754037189421294 0.9326859789118953 -1.07889452448604 -0.08584976665394792 0.1852969067409072 -0.2936292463004853 0.4457273571982091 0.2396864924451927 -0.9145725882529484 0.04321760535898707 0.06518825519128088 0.4606990074356843 -2.686715842974491 0.1915469434104009 -0.9402473403047906 0.2391578292160594 -0.2766325323426834 0.1395658390255142 -2.492392692315518 1.148094453402231 -2.621228767051208 1.163791445405054
 -0.4450275806409619 1.230815740202238 -0.1484782423708269 -1.627452360437148 -1.113168748443474 0.5140270936169132 -0.02427039904190765 -1.777418379088162 -0.5777442931011678 -0.3197319319618802 0.01412626648877198 0.4948149976117449 1.527396803583007 -0.8737626030707307 -1.907423187737068 0.4605585372937696 1.130020724245326 -0.4322801982704809 -3.248734954368171 -1.504220424700231 -1.466138581935905 0.9461722022663579 -1.169293329268503 -2.010660980961813 1.243407666686195 1.63450450284649
 -1.147318022682914 -0.1135041895339694 0.002450175659955214 -1.806294360570711 -2.243804472816601 1.991056960470811 -2.425557943519469 0.05569567928840055 -0.5326234852140311 -0.9833291867769672 0.9830389752594683 0.9758387693662748 -0.100887133983702 -0.1153941502004508 -2.047757842802119 -2.273295471354833 0.6141974714740096 0.4500290966076488 -0.5266411581077741 0.3276564314699838 1.295085819992229 -0.6672914071252548 -2.39715847928045 1.409133756779846 -0.2466431430765315 -2.100751956066647
 -1.010595731941012 1.425469527256554 0.4496364954975605 -1.162702780993456 -0.4558924173696869 0.2560610408307235 1.431300333569912 2.213340191612902 -0.7030522115520164 -2.356805275871192 -1.68321370173577 -0.3532821609199984 0.9116807976797591 -0.2440415314298134 0.3562342133013359 1.883643504534927 -0.2543569388944297 0.1395471306254131 -0.3912095586535541 -2.332660756619411 -1.970095923025547 -2.786069625388711 0.5935434978529293 0.7151037472365278 -2.768508975190889 0.0722553503936179
 -2.433967815525408 -2.856596956012219 -0.2166447393940747 -0.8901897655718256 -1.158408101513828 -2.74331840295724 -1.567305958458171 -0.3558800232558747 -0.3391370363359316 0.46347457734366 -1.217038545067671 2.064739139293183 0.9626404584232898 -0.8571354052679064 2.46601133622397 -1.430663204250314 1.147075203989641 -0.7537433405417509 0.3318564623344844 -1.425633974382968 1.507968477679209 0.2022722429317309 0.9692699396809641 1.483249428908742 -0.1499870747514833 -2.569057346949096
 -1.999137393398391 -2.476247272157451 0.05231067835148726 0.8931806166866367 -0.1291392362832345 -2.069338215464537 0.1761466147897917 -0.8537298340202486 0.2652071991184998 1.178600439279728 -1.22532809477223 -2.804629765004698 1.092317699789026 -0.8096073221313257 2.093606641725036 0.7887037279963987 -0.1232916800445506 -1.90560494868148 0.2988251822359541 -0.1831442236044138 -2.296213115394589 1.597649405146254 1.121558693360959 -2.640479108572284 0.1064787914845619 1.126499786185173


